00100000000000010000000000000000
00100000000000100000000000000000
00100000000010010000000000101000
10001100001000110000001111101000
00000000010000110001000000100000
00100000001000010000000000000100
00000000000000000000000000000000
00000000000000000000000000000000
00010101001000011111111111111010
10101100000000100000011111010000
00000000000000000000000000000000
00000000000000000000000000000000
00000000000000000000000000000000
00000000000000000000000000000000
00000000000000000000000000000000
00000000000000000000000000000000
00000000000000000000000000000000
10001100000000010000001111101000
00100000000000100000000000000000
00100000000000110000000000000001
00100000000001000000000000000100
00100000000001110000000000000000
00100000000010010000000000000001
00100000000010100000000000010100
00000000000000000000000000000000
00000000000000000000000000000000
00010000011010100000000000001011
10001100100001010000001111101000
00000000001001010011100000101010
00000000000000000000000000000000
00000000000000000000000000000000
00010000111010010000000000000001
00010000000000000000000000000010
00100000101000010000000000000000
00100000011000100000000000000000
00100000100001000000000000000100
00100000011000110000000000000001
00010000000000001111111111110011
10101100000000010000011111010000
10101100000000100000011111010100
00000000000000000000000000000000
00000000000000000000000000000000
00000000000000000000000000000000
00000000000000000000000000000000
00000000000000000000000000000000